A = [14 1 27; 27 54 2; 10 5 9; 89 50 19]

A(1:4,2:3)